Precision: 0.814752462901
Recall: 0.715411990145
F1 Score: 0.761857563478
